0.000000000000000000e+00 0.000000000000000000e+00
1.000000000000000021e-02 0.000000000000000000e+00
2.000000000000000042e-02 -3.308031413673433386e-06
2.999999999999999889e-02 -9.721514782237008771e-06
4.000000000000000083e-02 -1.826806050821577990e-05
5.000000000000000278e-02 -2.306020136804307562e-05
6.000000000000000472e-02 -3.384478982805871959e-05
7.000000000000000666e-02 -5.008110090266364259e-05
8.000000000000000167e-02 -6.661617568025928100e-05
8.999999999999999667e-02 -7.639534916239657620e-05
9.999999999999999167e-02 -9.423309959210701258e-05
1.099999999999999867e-01 -1.200528140428595776e-04
1.199999999999999817e-01 -1.440855987965520158e-04
1.299999999999999767e-01 -1.587707241225114641e-04
1.399999999999999856e-01 -1.832114823911397742e-04
1.499999999999999944e-01 -2.180159869190481452e-04
1.600000000000000033e-01 -2.489378874354891539e-04
1.700000000000000122e-01 -2.683062402827895987e-04
1.800000000000000211e-01 -2.987755421837950780e-04
1.900000000000000300e-01 -3.416778770196556036e-04
2.000000000000000389e-01 -3.787110774373092232e-04
2.100000000000000477e-01 -4.229924695340330377e-04
2.200000000000000566e-01 -4.533464379626510419e-04
2.300000000000000655e-01 -5.064043325152190389e-04
2.400000000000000744e-01 -5.677035513004307851e-04
2.500000000000000555e-01 -6.162791929956050246e-04
2.600000000000000644e-01 -6.548358905675274793e-04
2.700000000000000733e-01 -7.143522849417376520e-04
2.800000000000000822e-01 -7.844234401426439240e-04
2.900000000000000910e-01 -8.378046993301225013e-04
3.000000000000000999e-01 -8.825746840095358712e-04
3.100000000000001088e-01 -9.481106875955405645e-04
3.200000000000001177e-01 -1.024276136133099981e-03
3.300000000000001266e-01 -1.081473225391593740e-03
3.400000000000001354e-01 -1.131244845840284315e-03
3.500000000000001443e-01 -1.201427572760792057e-03
3.600000000000001532e-01 -1.281167343211653048e-03
3.700000000000001621e-01 -1.340612160906776758e-03
3.800000000000001710e-01 -1.394281380317432747e-03
3.900000000000001799e-01 -1.467290637865535782e-03
4.000000000000001887e-01 -1.547888992593961970e-03
4.100000000000001976e-01 -1.622408606233110466e-03
4.200000000000002065e-01 -1.685611924235343910e-03
4.300000000000002154e-01 -1.739646507254097307e-03
4.400000000000002243e-01 -1.814870698183067028e-03
4.500000000000002331e-01 -1.890116749897802120e-03
4.600000000000002420e-01 -1.948003366600026395e-03
4.700000000000002509e-01 -2.005036690582962314e-03
4.800000000000002598e-01 -2.076253804775003275e-03
4.900000000000002687e-01 -2.145992747942843289e-03
5.000000000000002220e-01 -2.198155349053735382e-03
5.100000000000002309e-01 -2.255204977105951508e-03
5.200000000000002398e-01 -2.320735775944402900e-03
5.300000000000002487e-01 -2.380450356247256621e-03
5.400000000000002576e-01 -2.424972082472814233e-03
5.500000000000002665e-01 -2.480019138192899805e-03
5.600000000000002753e-01 -2.537616660569995321e-03
5.700000000000002842e-01 -2.584095919821137888e-03
5.800000000000002931e-01 -2.619706901828820680e-03
5.900000000000003020e-01 -2.671138718360908069e-03
6.000000000000003109e-01 -2.719033761144282191e-03
6.100000000000003197e-01 -2.750085337665107883e-03
6.200000000000003286e-01 -2.785249595851726091e-03
6.300000000000003375e-01 -2.800343973182101154e-03
6.400000000000003464e-01 -2.849838176570837749e-03
6.500000000000003553e-01 -2.878349707336792102e-03
6.600000000000003642e-01 -2.888740498638461135e-03
6.700000000000003730e-01 -2.897423476710527055e-03
6.800000000000003819e-01 -2.936511313644198443e-03
6.900000000000003908e-01 -2.953810128221255951e-03
7.000000000000003997e-01 -2.942776382887329727e-03
7.100000000000004086e-01 -2.940504427723316001e-03
7.200000000000004174e-01 -2.970543212248691247e-03
7.300000000000004263e-01 -2.972985372195997150e-03
7.400000000000004352e-01 -2.940544883165734352e-03
7.500000000000004441e-01 -2.925559848141766339e-03
7.600000000000004530e-01 -2.946267947954731448e-03
7.700000000000004619e-01 -2.932185595829481586e-03
7.800000000000004707e-01 -2.878164666916529710e-03
7.900000000000004796e-01 -2.849704897646126046e-03
8.000000000000004885e-01 -2.860752423387050505e-03
8.100000000000004974e-01 -2.829475435651977733e-03
8.200000000000005063e-01 -2.753777470424786586e-03
8.300000000000005151e-01 -2.699574898459259839e-03
8.400000000000005240e-01 -2.632538170523900795e-03
8.500000000000005329e-01 -2.645185320666149868e-03
8.600000000000005418e-01 -2.580096362657998289e-03
8.700000000000005507e-01 -2.484093674561684874e-03
8.800000000000005596e-01 -2.418161726814641293e-03
8.900000000000005684e-01 -2.409718995435110572e-03
9.000000000000005773e-01 -2.335055354885557950e-03
9.100000000000005862e-01 -2.212471379434885130e-03
9.200000000000005951e-01 -2.137248928429068447e-03
9.300000000000006040e-01 -2.115379519507797589e-03
9.400000000000006128e-01 -2.025842215833551039e-03
9.500000000000006217e-01 -1.881581570928512375e-03
9.600000000000006306e-01 -1.794604799852660441e-03
9.700000000000006395e-01 -1.761509134956667664e-03
9.800000000000006484e-01 -1.656117461689193306e-03
9.900000000000006573e-01 -1.492444002067971768e-03
1.000000000000000666e+00 -1.393608028527532506e-03
1.010000000000000675e+00 -1.350070573802978529e-03
1.020000000000000684e+00 -1.229223253543075848e-03
1.030000000000000693e+00 -1.047894288582474276e-03
1.040000000000000702e+00 -9.023457379705801876e-04
1.050000000000000711e+00 -7.597301652090723530e-04
1.060000000000000719e+00 -7.246728548998390609e-04
1.070000000000000728e+00 -6.867790226672637827e-04
1.080000000000000737e+00 -6.479698419821405602e-04
1.090000000000000746e+00 -6.473582685238136493e-04
1.100000000000000755e+00 -6.172019584705353088e-04
1.110000000000000764e+00 -5.662839696166174644e-04
1.120000000000000773e+00 -5.276666392197845116e-04
1.130000000000000782e+00 -5.212133307241304534e-04
1.140000000000000790e+00 -4.896894730011275981e-04
1.150000000000000799e+00 -4.309028629914428898e-04
1.160000000000000808e+00 -3.893786558608814037e-04
1.170000000000000817e+00 -3.796220598157457591e-04
1.180000000000000826e+00 -3.452008418479553752e-04
1.190000000000000835e+00 -2.803948876501800294e-04
1.200000000000000844e+00 -2.354011708944884118e-04
1.210000000000000853e+00 -2.231190328798997335e-04
1.220000000000000862e+00 -1.856303151781497158e-04
1.230000000000000870e+00 -1.158019430805289378e-04
1.240000000000000879e+00 -6.753012626016838922e-05
